2.241740.53442
4.49772,0.520527
6.66263,0.513751
8.85696,0.509404
11.1297,0.505904
13.3895,0.504008
16.5584,0.501774
19.5233,0.499728
21.693,0.498218
24.1186,0.497612
27.2734,0.497017
29.6633,0.496297
32.1103,0.495789
35.1094,0.495443
37.5602,0.494945
40.3312,0.494455
42.8891,0.493975
45.8684,0.493689
48.6416,0.493334
51.4123,0.492968
54.2239,0.492582
56.9145,0.49235
59.3077,0.492172
62.218,0.492005
64.8106,0.491827
67.5851,0.491624
70.108,0.491426
72.3673,0.491244
74.6078,0.491085
77.5195,0.490944
79.8489,0.490732
82.2433,0.490597
84.649,0.490438
87.6822,0.490289
89.9926,0.490092
92.4968,0.489953
95.0998,0.489796
97.4642,0.489648
99.7031,0.489511
101.849,0.489398
104.237,0.489287
106.501,0.489181
108.85,0.489089
111.759,0.489002
113.932,0.4889
116.499,0.488827
119.238,0.488802
121.374,0.488668
124.096,0.488541
126.544,0.488369
129.203,0.488292
132.169,0.488209
134.502,0.488134
137.149,0.488054
139.731,0.487928
142.777,0.487766
145.193,0.487605
147.749,0.487499
149.883,0.487392
152.056,0.487329
155.11,0.487226
157.993,0.487072
160.378,0.486928
163.217,0.486829
165.595,0.486724
167.983,0.486631
170.109,0.486575
172.389,0.486499
175.111,0.486408
177.601,0.486328
180.357,0.48627
182.531,0.486218
185.351,0.486172
187.755,0.486119
190.473,0.48608
192.629,0.48593
194.741,0.485831
197.156,0.485763
199.813,0.48569
202.528,0.485642
204.968,0.485629
207.424,0.485573
209.963,0.485482
212.32,0.485409
214.821,0.485332
216.99,0.485253
219.454,0.485219
221.858,0.485182
224.848,0.485156
227.371,0.485106
230.31,0.485008
233.146,0.484926
235.56,0.484864
238.342,0.484833
241.168,0.484803
244,0.484772
246.345,0.484756
249.002,0.484723
251.482,0.484661
253.747,0.484647
256.093,0.484609
258.94,0.484537
261.432,0.484456
264.256,0.484429
267.09,0.484418
269.257,0.484365
271.673,0.484345
274.393,0.484302
276.541,0.484305
279.075,0.484328
281.223,0.484315
283.331,0.484312
285.454,0.484288
287.605,0.484287
290.264,0.484262
292.449,0.484262
294.684,0.484243
297.619,0.484253
299.946,0.484264
302.869,0.48429
305.572,0.484244
307.869,0.484336
310.584,0.484287
313.403,0.484316
315.699,0.484248
317.809,0.484282
320.108,0.484347
322.214,0.484372
325.204,0.48437
327.4,0.4844
329.586,0.484462
331.976,0.484447
334.333,0.484424
337.013,0.484439
339.869,0.484472
342.414,0.48446
345.292,0.484465
348.262,0.484466
350.85,0.484482
353.801,0.484514
356.379,0.48449
359.158,0.484474
361.413,0.484496
364.294,0.484533
366.599,0.484588
369.457,0.484594
371.969,0.484578
374.442,0.48457
377.258,0.484551
379.477,0.484552
381.935,0.484554
385.056,0.484519
387.214,0.484524
389.452,0.48453
392.449,0.484522
394.85,0.484527
397.716,0.484532
400.277,0.484535
402.718,0.484532
405.154,0.484555
407.674,0.484561
410.006,0.484566
412.188,0.484516
414.991,0.48451
417.427,0.48452
419.725,0.484511
422.397,0.484498
425.364,0.484482
427.581,0.484457
429.997,0.484447
432.364,0.484425
434.7,0.484405
437.289,0.484386
439.744,0.484372
442.033,0.484354
444.385,0.48433
447.091,0.48431
449.432,0.484309
451.621,0.484313
453.848,0.484293
456.311,0.484267
458.599,0.484262
461.511,0.484254
463.672,0.484237
465.938,0.484234
468.067,0.484237
470.748,0.484217
473.66,0.484203
476.463,0.484169
478.808,0.484168
481.559,0.484145
484.065,0.484132
486.461,0.484108
488.92,0.484095
491.128,0.484086
493.428,0.484069
495.932,0.48405
498.059,0.484018
500.589,0.483994
503.273,0.48398
506.124,0.483946
508.574,0.483925
510.807,0.483918
513.158,0.483915
516.391,0.483918
519.042,0.483891
521.154,0.483872
523.509,0.483876
526.278,0.483856
529.379,0.48386
531.495,0.483838
533.704,0.483828
535.899,0.483792
538.624,0.483775
541.087,0.483768
543.197,0.483754
545.302,0.483726
547.625,0.483686
550.578,0.483684
552.679,0.483673
555.307,0.483666
557.961,0.483641
560.356,0.483642
562.654,0.483632
564.926,0.483598
567.446,0.483572
569.624,0.483543
571.993,0.483521
574.28,0.483503
576.82,0.483486
578.932,0.483466
581.772,0.483438
584.879,0.483413
587.238,0.483422
589.576,0.483415
592.038,0.483397
594.273,0.483387
596.484,0.483371
598.826,0.483345
601.029,0.483338
603.616,0.483339
605.944,0.483321
608.539,0.483296
610.913,0.483281
613.284,0.483279
615.861,0.48327
618.244,0.483255
620.766,0.483225
622.988,0.483227
625.506,0.483214
627.663,0.48322
629.937,0.483225
632.163,0.48323
634.467,0.483235
636.624,0.483224
638.81,0.483219
641.001,0.48322
643.172,0.483222
645.365,0.483223
647.468,0.483225
649.679,0.483231
651.832,0.483226
654.083,0.483216
656.358,0.483216
658.49,0.483214
660.671,0.483216
662.792,0.483222
664.941,0.483221
667.042,0.483221
669.184,0.483221
671.312,0.483221
673.47,0.483221
675.609,0.483221
677.797,0.483221
679.908,0.483221
682.008,0.483221
684.122,0.483221
686.267,0.483221
688.433,0.483221
690.612,0.483221
692.722,0.483221
694.867,0.483221
696.957,0.483221
699.065,0.483221
701.187,0.483221
703.346,0.483221
705.442,0.483221
707.562,0.483221
709.719,0.483221
711.923,0.483221
714.053,0.483227
716.47,0.483241
718.605,0.483255
720.736,0.483257
723.145,0.48327
725.255,0.483301
